1000 9886
410 943
216 734
473 305
55 587
631 488
78 408
685 720
7 996
526 620
86 935
661 423
77 864
481 895
530 418
569 56
18 334
644 430
424 521
795 522
748 420
673 490
503 187
15 143
96 981
78 805
891 18
751 105
964 718
877 27
606 491
330 814
578 88
448 445
605 689
644 83
22 191
843 517
394 910
531 323
619 525
131 49
44 790
88 242
72 727
790 335
629 349
226 320
604 723
428 532
148 763
150 89
61 370
953 780
457 253
535 110
888 311
11 786
943 901
988 274
491 970
864 288
719 98
61 465
426 775
410 348
231 772
641 586
822 361
642 3
951 15
220 59
884 978
214 729
241 669
81 884
303 532
393 688
654 789
641 458
271 691
738 282
936 538
8 985
686 426
728 823
603 280
124 896
272 642
420 718
599 972
46 948
68 788
141 928
474 79
864 987
403 201
480 980
744 353
908 32
232 21
911 353
293 538
419 851
975 878
433 911
207 885
613 978
228 432
854 452
433 792
621 327
535 891
961 281
797 188
321 99
688 725
19 341
403 754
852 963
763 248
412 380
936 382
240 91
131 156
761 399
853 487
505 73
213 888
307 511
273 179
627 774
60 157
463 192
870 171
785 24
108 241
643 134
449 845
59 479
178 451
844 908
666 348
79 897
602 874
241 896
497 678
399 782
52 896
684 334
337 866
135 145
908 407
233 243
552 377
230 810
206 222
633 370
548 205
572 731
976 564
475 326
43 284
10 175
152 145
160 528
628 209
258 945
336 433
320 982
372 535
780 526
986 279
424 788
578 685
449 359
91 214
207 984
704 911
890 730
322 30
565 962
961 77
535 814
795 581
321 222
655 748
569 112
94 437
688 610
820 39
269 487
969 109
700 589
518 730
673 259
964 774
145 170
643 439
437 898
353 463
631 20
510 483
248 739
106 641
748 848
549 769
890 242
878 695
420 843
131 248
79 726
631 901
463 823
878 550
939 750
407 972
49 688
88 170
92 754
109 556
862 506
874 760
995 727
689 608
236 416
139 387
499 907
931 703
549 244
885 44
351 640
657 339
895 770
218 336
516 485
906 626
301 124
999 101
183 120
774 581
982 536
280 777
968 406
474 707
650 718
245 592
984 928
841 889
358 621
85 796
911 457
238 378
389 284
592 153
485 163
930 16
103 985
774 129
557 271
258 42
731 36
16 719
788 37
24 202
105 481
677 811
843 575
403 110
646 222
833 485
692 296
859 265
716 406
863 705
748 46
481 963
138 592
804 817
181 862
260 556
169 894
887 76
778 640
218 469
781 1000
956 715
181 433
96 953
388 431
540 575
265 700
319 625
415 630
566 722
382 767
645 193
80 621
221 54
571 853
808 353
434 875
995 789
429 312
373 905
946 211
838 333
14 259
633 893
154 398
50 111
322 712
733 298
952 559
757 164
683 705
64 447
253 965
18 608
184 776
828 49
669 50
35 2
323 555
681 689
889 182
987 577
703 34
182 237
899 687
903 327
462 13
335 769
571 255
41 716
996 608
723 424
409 816
984 956
343 395
695 86
491 668
954 92
655 708
582 556
896 221
823 818
293 771
954 975
315 539
651 101
85 673
506 982
215 34
608 326
663 794
372 591
525 789
413 27
76 379
648 588
578 661
209 286
899 414
431 747
326 994
897 455
60 711
385 747
904 421
891 311
85 372
303 429
431 344
661 535
384 557
351 465
725 324
781 754
160 4
179 352
208 752
726 86
484 581
490 902
950 878
60 404
291 600
734 332
147 732
275 982
758 342
688 776
875 406
657 223
985 250
549 985
456 1000
684 650
630 156
188 423
101 962
507 763
865 269
188 22
125 471
902 458
365 650
166 581
813 758
904 686
10 741
255 738
931 887
309 951
205 582
477 225
390 728
45 155
187 898
73 44
561 327
358 63
508 392
607 696
44 234
270 860
614 95
923 646
530 944
710 706
225 452
977 433
372 397
51 988
965 400
785 810
401 765
198 663
239 95
96 455
828 904
831 315
981 31
978 833
360 476
54 320
976 774
538 533
247 337
854 763
68 676
94 700
425 401
43 110
501 678
357 234
820 814
165 479
973 376
522 912
480 819
815 629
191 271
394 623
414 618
19 118
350 868
262 558
377 714
284 18
878 446
701 479
665 857
9 797
462 266
322 332
987 130
386 721
193 377
902 745
200 857
644 48
517 462
395 530
93 539
179 139
243 930
805 67
862 140
277 538
648 386
297 308
207 345
852 162
605 438
663 218
576 164
994 143
286 731
270 546
299 798
643 22
974 612
331 546
261 903
151 279
619 151
620 228
982 775
362 244
610 334
115 980
136 931
637 615
378 634
788 607
202 684
153 32
563 749
12 349
419 165
901 873
997 752
232 438
267 105
529 606
976 800
335 622
879 365
737 396
223 649
801 654
159 461
567 448
548 571
937 831
612 767
641 207
354 731
778 169
870 307
603 404
141 963
336 66
683 348
186 732
850 711
543 760
531 670
248 262
295 944
881 347
293 573
935 66
96 705
392 194
716 371
365 674
658 308
146 480
747 799
481 535
423 908
34 621
74 654
22 678
869 573
982 500
382 704
933 208
700 573
921 824
667 300
728 986
271 45
503 384
674 684
188 425
274 350
592 493
683 966
978 970
190 602
89 357
606 194
404 704
222 203
302 227
784 814
782 809
833 528
308 944
774 905
900 732
459 516
871 379
757 112
597 743
435 812
804 7
809 431
918 27
131 356
558 242
616 959
197 186
550 630
438 188
332 663
166 879
615 84
818 310
974 141
794 319
63 918
229 378
157 461
106 503
287 862
208 754
637 598
977 198
710 522
195 713
958 528
94 500
221 148
108 803
414 230
627 73
521 596
323 168
950 327
203 974
81 494
883 893
172 963
222 568
678 811
670 209
963 873
825 136
244 16
497 463
790 869
701 406
479 88
62 240
801 352
17 305
700 594
941 337
373 886
139 994
322 436
937 241
808 354
348 555
942 749
545 581
3 565
135 532
277 62
46 145
340 438
580 478
153 845
465 547
942 463
139 430
231 60
131 770
278 983
984 752
92 501
330 430
387 573
17 389
486 37
457 801
520 705
741 593
409 902
232 639
896 432
30 905
101 323
266 232
180 630
771 609
98 791
561 149
524 287
678 21
379 478
140 528
698 102
641 495
314 367
171 426
397 804
569 755
452 401
642 609
592 700
688 239
667 292
347 282
664 830
263 632
69 926
33 152
472 872
34 691
346 833
93 417
26 835
952 33
181 689
911 689
961 469
29 509
624 681
951 822
311 663
792 633
874 801
912 526
165 126
994 390
212 447
13 186
293 154
813 979
904 881
822 803
161 888
438 568
610 73
439 273
637 864
999 889
856 249
287 333
455 523
684 983
991 725
960 87
965 970
913 807
24 570
244 157
631 515
690 467
525 896
306 456
348 115
274 874
775 718
816 389
267 511
914 794
229 289
672 808
777 952
167 751
902 358
90 968
46 910
882 412
441 101
59 863
764 824
978 139
10 137
690 535
766 250
788 115
437 214
556 108
793 294
838 489
315 550
894 330
821 368
42 649
320 891
618 324
453 811
110 88
772 571
792 153
646 20
704 933
378 400
621 692
806 462
240 401
545 80
530 388
802 353
290 589
755 387
294 13
431 492
15 237
511 690
402 162
332 295
820 781
27 307
52 870
296 304
313 630
190 812
545 803
840 909
69 549
325 971
771 289
420 849
296 906
45 572
374 738
49 569
946 265
216 22
742 342
127 192
790 510
312 553
792 883
190 526
818 975
981 257
899 18
832 223
29 2
560 652
265 806
175 303
188 837
18 534
929 28
499 647
10 646
988 321
983 221
257 871
686 8
64 279
304 262
783 834
75 681
942 225
249 654
673 665
871 794
174 446
860 41
510 374
64 932
742 552
589 438
609 344
120 379
284 496
345 538
57 398
940 183
318 359
121 791
323 207
896 53
660 86
459 447
793 435
78 423
206 664
133 708
39 8
985 328
687 535
595 744
906 325
476 969
682 812
243 514
393 255
844 8
275 255
725 379
717 661
335 841
428 494
143 316
369 889
759 44
223 200
134 721
639 682
970 655
570 763
592 351
908 531
730 453
606 304
701 196
84 186
212 503
784 656
933 49
594 763
41 219
212 102
899 948
161 800
58 588
995 729
804 433
201 304
291 222
58 575
645 687
6 695
334 288
444 288
600 182
712 592
748 278
785 292
487 756
366 753
883 521
990 495
774 680
962 904
932 327
529 799
694 499
142 248
370 607
240 165
888 480
374 963
489 42
175 662
345 811
508 433
89 849
405 157
978 49
977 298
728 568
370 257
979 745
102 840
86 589
927 137
710 523
896 243
702 651
115 495
105 197
159 416
54 158
627 72
510 588
816 905
807 197
777 818
281 675
1000 197
673 225
150 911
463 927
599 212
124 180
986 11
22 988
100 318
498 865
227 165
172 738
484 732
718 958
956 598
955 909
942 929
32 36
131 312
424 334
42 133
354 147
635 14
230 806
109 859
298 442
191 693
930 807
792 828
226 200
499 939
36 857
623 775
956 922
867 337
46 150
848 642
519 7
466 509
265 894
128 670
979 73
822 414
59 231
919 210
23 25
750 887
556 468
849 614
150 269
577 535
45 89
340 619
487 708
770 406
976 623
629 811
522 471
28 984
223 691
334 248
712 8
4 587
56 556
895 824
176 597
475 930
635 640
29 775
466 611
345 594
676 562
698 470
368 989
185 249
78 364
85 528
447 153
307 522
698 441
66 284
42 293
596 908
152 285
122 535
391 582
307 955
401 450
788 170
256 459
494 335
367 967
190 68
786 823
551 117
681 458
62 2
543 977
341 73
274 114
133 317
139 944
329 514
381 969
611 436
118 132
890 357
247 800
231 415
291 602
866 218
482 211
908 987
303 995
92 918
937 125
482 834
691 10
340 100
990 250
741 176
404 235
176 616
563 68
178 474
939 953
304 396
553 207
857 577
932 405
936 848
980 239
905 987
995 278
451 365
35 106
558 190
129 497
719 28
927 35
925 511
745 258
305 353
599 514
614 44
686 425
814 738
833 784
299 220
281 633
528 466
603 394
864 990
96 584
318 475
347 118
30 495
318 426
234 733
954 690
833 419
280 477
601 959
564 309
33 187
270 184
203 247
333 616
288 87
369 860
715 225
39 683
654 124
164 456
537 882
251 138
744 734
619 986
804 876
285 664
142 259
40 197
994 26
408 681
52 445
433 298
165 883
187 263
683 762
408 728
66 664
710 209
801 875
696 18
878 875
774 818
200 23
999 237
486 896
230 958
680 19
838 610
370 681
461 766
903 491
231 980
32 758
641 664
70 338
849 541
852 271
890 222
157 630
103 286
336 727
845 553
756 196
701 581
408 148
448 661
767 964
382 290
77 272
860 61
941 487
638 115
474 268
493 480
534 286
441 189
384 152
29 862
312 334
789 964
96 485
423 74
890 775
228 226
500 591
105 377
252 248
90 207
960 721
56 851
721 39
849 106
315 946
7 920
836 368
419 880
722 395
71 230
553 911
330 560
186 572
388 144
579 191
490 608
397 734
925 584
263 865
105 693
256 264
528 857
156 954
782 98
450 667
269 373
588 917
716 162
899 962
41 494
593 553
761 575
321 878
105 983
434 135
622 716
18 966
476 526
772 227
597 18
179 233
715 491
383 73
641 126
6 311
282 226
65 274
473 629
687 246
662 404
788 799
516 270
754 817
828 40
871 458
837 182
361 645
982 801
453 189
275 821
165 585
79 23
228 755
727 651
144 316
720 859
385 38
24 738
478 659
675 389
289 706
549 420
805 522
962 683
599 546
46 678
304 1
858 616
620 639
487 560
34 897
356 1
987 109
244 283
103 480
953 261
937 904
600 444
59 646
243 165
544 806
765 120
254 999
113 753
755 62
403 149
756 365
262 936
157 106
911 309
788 23
290 289
519 208
924 634
962 367
467 951
618 669
802 452
289 255
952 297
189 414
85 562
264 811
693 30
734 938
96 862
207 814
192 541
800 860
639 875
749 215
990 707
596 702
557 720
940 637
715 305
621 413
346 653
166 144
648 239
240 671
888 867
668 97
209 780
909 329
89 470
952 980
438 675
365 385
863 134
611 121
335 345
140 281
562 318
943 143
729 279
328 408
80 973
832 24
80 797
409 249
568 514
770 194
704 66
524 981
151 765
860 571
123 247
633 102
534 154
383 720
774 661
371 312
954 688
306 437
55 18
598 908
56 188
54 942
201 298
239 358
447 619
91 343
474 341
880 752
862 928
884 152
453 155
466 977
910 774
236 541
324 311
314 365
449 514
274 894
343 234
440 315
973 111
333 400
116 544
462 716
730 804
731 5
47 599
158 340
869 256
628 849
455 163
536 819
898 934
688 606
51 302
125 535
471 981
441 546
544 381
835 430
907 781
139 63
677 447
218 436
705 942
78 856
227 446
772 20
761 503
49 531
247 976
468 35
607 243
895 836
770 533
18 782
899 171
517 376
79 651
686 615
748 42
508 967
956 536
331 426
429 857
907 789
197 461
456 713
358 411
700 436
573 162
705 490
490 488
988 383
974 958
705 411
802 759
451 479
123 810
54 872
720 916
997 584
391 195
52 719
275 986
239 277
318 924
689 24
339 483
603 638
968 465
931 39
626 693
864 2
58 441
276 496
765 222
277 836
219 230
609 306
958 607
206 992
379 508
380 915
881 594
115 422
8 940
725 801
616 380
342 339
586 725
590 181
193 221
284 728
147 150
509 595
772 549
207 960
523 349
545 485
786 905
218 199
271 115
809 568
458 598
494 360
441 860
171 199
246 320
868 236
652 945
952 63
367 696
796 496
139 991
856 667
104 384
531 133
471 878
666 996
408 908
274 377
937 207
959 634
283 461
106 568
109 49
507 555
164 344
516 41
313 854
101 995
905 570
523 967
598 409
140 289
921 329
822 781
624 4
198 107
19 676
993 52
600 45
123 1000
362 352
698 646
348 819
975 214
664 151
852 387
213 727
793 859
166 509
10 535
743 235
76 788
2 979
921 191
83 164
231 804
306 637
385 74
687 852
860 43
875 263
770 351
439 936
522 492
609 522
376 888
488 850
529 748
716 938
880 52
43 272
349 783
897 279
387 30
509 789
862 779
573 876
82 713
184 868
397 874
632 391
926 247
164 986
351 538
494 149
206 521
872 37
856 938
692 336
360 217
218 219
950 664
921 470
523 470
691 536
963 799
32 427
235 628
252 334
740 75
70 582
416 953
934 31
113 225
332 325
406 708
657 890
218 620
754 362
499 809
833 89
317 104
867 661
322 478
93 385
740 696
313 882
499 583
26 381
778 812
179 793
454 493
386 69
528 330
356 903
322 787
734 180
149 738
922 34
705 466
961 584
362 215
828 472
954 547
993 95
866 775
577 664
157 680
975 155
250 608
604 375
897 785
382 125
457 778
637 761
802 942
846 351
115 211
392 726
104 576
413 864
766 86
777 709
233 552
360 377
402 514
475 88
516 978
854 580
237 80
803 262
16 692
686 48
432 900
677 838
83 221
258 365
321 412
873 863
150 167
103 854
255 831
38 787
132 348
669 147
358 864
142 781
238 186
384 581
350 912
367 530
65 768
856 565
998 848
824 83
657 539
922 225
729 694
1000 372
677 410
109 200
330 823
518 311
477 676
246 483
506 84
714 913
94 183
829 416
407 14
17 80
959 690
340 66
200 851
970 217
459 596
830 933
616 593
545 715
605 507
679 640
168 226
645 624
282 118
454 777
636 739
992 863
116 335
500 46
961 596
727 825
28 645
395 138
642 393
731 711
384 441
48 141
511 494
760 346
356 606
83 239
733 247
340 518
968 295
326 561
741 606
318 993
619 382
73 278
258 672
391 914
444 667
28 986
768 893
660 443
382 379
76 514
438 441
522 420
746 134
604 232
931 360
587 481
534 711
976 911
6 108
279 952
581 744
290 467
453 869
94 821
665 261
941 720
670 22
144 912
627 471
461 299
613 503
530 524
677 715
470 91
649 774
812 722
560 315
544 656
998 749
455 162
170 30
248 978
501 480
262 582
356 293
13 580
790 772
97 691
773 90
49 816
781 639
51 350
839 457
198 467
515 559
184 381
400 865
294 966
408 945
887 477
74 391
626 361
183 619
991 419
994 389
44 892
723 652
302 316
982 674
195 812
70 59
861 964
5 563
681 102
350 347
888 606
50 754
119 515
644 488
70 74
330 239
996 972
795 363
118 838
953 791
933 297
93 319
776 620
482 533
28 745
175 618
322 970
348 78
738 450
900 949
193 863
291 502
572 861
276 258
171 604
389 436
780 178
574 589
48 112
957 433
777 541
615 693
564 755
341 582
175 942
183 947
896 189
422 739
920 51
573 839
319 19
301 516
448 8
470 133
141 987
293 948
918 765
99 637
501 817
816 851
321 427
564 529
485 328
397 982
181 79
916 406
904 502
281 493
686 760
636 419
817 639
667 225
381 536
699 639
817 712
124 254
507 238
53 310
327 443
293 359
111 480
649 23
375 252
427 481
765 611
898 856
235 742
496 204
739 152
777 443
670 462
586 499
144 616
735 236
891 328
442 773
649 241
248 716
155 104
28 154
605 656
606 347
679 405
666 532
31 634
857 999
507 554
871 443
4 290
957 388
795 41
50 416
268 495
667 19
151 418
11 599
691 153
423 875
370 867
515 233
597 719
448 858
72 982
179 986
558 218
927 483
100 763
371 243
478 693
46 281
81 567
585 105
33 785
37 762
667 607
279 685
963 420
231 692
917 27
921 287
91 414
790 903
665 419
99 399
638 960
752 927
180 728
570 96
510 599
100 471
63 173
300 273
450 162
930 120
56 853
789 501
305 66
25 606
688 170
548 26
987 725
102 540
271 33
798 818
724 839
19 41
702 302
544 728
674 855
398 79
955 866
260 84
521 248
449 82
125 680
807 870
481 644
83 971
835 617
623 526
539 381
888 841
299 932
460 345
325 940
978 388
94 107
545 957
231 310
692 772
179 235
934 841
673 328
468 203
933 399
917 522
761 136
687 240
304 455
610 511
538 320
124 847
755 599
148 559
594 939
261 776
712 674
949 699
533 956
129 398
718 504
224 12
595 111
651 257
747 344
54 960
893 973
607 764
77 417
168 579
97 355
135 1
124 668
968 490
254 779
149 165
410 691
569 618
493 450
993 538
279 919
599 770
68 986
489 299
976 819
271 606
281 567
856 873
985 523
876 960
204 409
846 792
360 689
415 771
459 301
480 768
134 263
380 297
915 14
330 594
765 886
459 186
406 903
133 181
281 962
375 486
937 199
126 952
17 676
808 697
256 512
976 383
133 198
463 579
326 313
570 555
284 867
169 242
184 420
564 13
430 437
400 958
5 685
815 252
585 285
783 338
347 125
402 395
859 601
919 146
117 494
696 475
878 967
719 449
847 700
923 196
47 51
377 194
819 10
145 324
457 122
314 725
310 836
652 544
94 17
876 307
15 751
735 760
645 640
822 151
597 647
600 149
68 491
692 685
656 238
453 159
275 851
426 813
466 26
380 564
880 533
276 367
611 644
708 191
103 288
180 963
117 554
936 917
79 267
979 793
176 26
596 818
354 957
918 733
290 496
176 233
215 72
200 255
203 640
519 16
833 777
854 609
893 197
971 647
533 404
882 342
555 452
385 460
149 411
777 962
301 693
255 845
965 840
845 51
58 587
8 656
280 341
579 91
281 700
708 893
743 269
133 24
635 848
820 840
267 787
68 611
124 21
318 239
265 481
599 362
178 514
506 407
986 157
97 690
460 324
647 944
874 425
708 674
147 882
297 33
522 682
541 350
669 777
433 545
341 424
400 310
364 127
312 674
278 331
602 719
394 904
126 513
753 873
675 946
14 736
936 422
874 404
611 228
351 545
616 590
339 937
856 253
948 533
255 197
131 981
461 582
432 340
178 424
839 925
53 984
224 214
878 101
267 354
379 906
514 161
332 30
331 795
261 832
338 53
451 366
768 572
571 161
93 829
371 135
478 873
308 40
414 497
932 374
756 18
360 291
757 27
662 314
606 875
964 182
529 663
162 88
91 34
241 497
394 689
508 73
906 453
370 38
940 350
389 480
337 823
682 933
65 941
707 10
214 14
199 350
590 341
354 389
796 300
924 793
128 979
925 496
787 19
240 484
555 95
350 873
737 81
553 690
346 720
899 602
793 935
386 571
61 891
27 311
501 372
598 66
527 66
458 153
776 126
299 955
491 467
717 545
32 845
315 474
550 387
333 983
845 560
631 812
875 262
767 316
308 985
5 903
804 409
844 906
435 583
41 988
595 485
84 870
103 138
141 425
749 916
509 239
625 654
997 618
687 418
46 286
656 446
513 475
577 988
390 475
234 233
378 22
257 438
581 909
820 715
547 53
508 143
237 583
698 171
834 571
161 195
548 425
396 942
256 249
901 647
766 120
392 489
312 192
133 958
299 74
561 947
691 892
466 697
930 232
90 125
117 804
395 278
23 817
603 137
536 254
294 210
902 797
102 847
599 189
565 125
916 649
77 691
995 176
869 727
917 133
164 521
991 196
829 297
917 203
648 69
278 384
701 475
173 726
28 255
31 712
657 777
308 671
277 731
661 925
459 733
978 967
805 431
643 347
633 875
891 687
692 948
179 795
535 462
339 97
89 522
643 121
611 909
559 437
505 314
549 335
577 670
200 401
909 887
968 269
14 869
771 874
665 243
371 206
98 554
462 59
399 526
129 62
278 665
543 135
620 634
848 964
487 557
132 794
719 838
427 846
375 524
391 811
949 973
670 59
193 469
392 566
271 937
855 503
489 298
608 176
846 238
439 684
557 265
177 581
307 562
72 365
436 982
879 98
312 612
775 359
30 298
347 418
129 619
872 3
247 389
928 277
820 227
274 251
275 174
848 28
740 26
317 311
925 440
48 980
714 701
130 986
847 891
683 234
77 599
887 74
51 324
804 910
146 80
807 773
477 674
5 283
152 961
999 541
911 795
861 732
511 967
682 433
740 938
79 515
705 112
43 617
378 904
714 201
239 969
807 619
867 196
45 512
852 880
982 759
625 266
420 228
562 317
871 261
619 820
891 587
585 996
235 47
761 171
509 437
921 347
924 639
687 260
430 791
639 31
841 172
426 810
23 924
51 683
16 214
399 765
92 97
440 898
22 348
794 493
10 444
396 641
272 511
609 442
426 588
898 462
497 977
954 616
286 99
20 75
345 233
521 746
812 31
355 604
300 331
285 441
233 888
494 113
635 629
506 579
384 571
932 791
298 951
831 227
158 347
52 250
364 692
989 883
167 155
652 896
764 53
623 242
735 468
481 993
243 766
691 594
657 550
949 278
646 478
632 782
964 821
920 860
436 494
256 668
114 704
981 180
830 154
463 983
395 671
363 291
860 917
477 823
406 381
652 637
378 940
895 833
142 299
679 576
630 150
62 578
835 862
505 39
89 672
326 87
122 280
400 100
449 389
631 617
796 962
149 792
666 498
488 716
931 970
27 549
301 190
380 601
491 592
590 879
404 168
832 547
318 532
580 321
51 949
323 952
348 285
228 891
361 158
200 284
883 1
591 496
246 835
116 367
751 254
612 336
479 987
371 706
1000 242
284 731
727 97
74 803
756 727
886 642
685 557
155 558
981 758
124 137
548 763
347 490
344 50
17 722
579 584
899 716
406 588
284 104
692 413
458 944
298 386
956 649
169 201
849 58
902 739
840 946
857 116
161 573
850 922
516 97
757 979
981 155
929 560
731 972
792 888
559 178
27 965
304 590
800 323
784 824
396 182
404 665
259 246
26 151
414 910
546 990
818 91
50 49
782 710
325 121
844 907
404 520
791 140
317 517
780 483
893 614
18 862
754 920
6 607
427 566
727 739
961 883
914 744
738 484
417 493
587 986
441 487
599 538
876 106
270 770
966 559
133 522
382 999
466 773
86 570
177 382
729 953
470 965
471 116
765 80
348 400
792 915
212 133
358 537
416 496
769 316
699 959
202 402
483 312
673 216
698 381
590 263
42 505
194 863
393 145
485 507
902 247
74 982
802 414
281 996
720 294
910 313
307 868
416 711
891 424
810 117
136 92
658 321
333 365
660 663
801 463
805 271
946 856
649 787
498 683
743 759
675 879
191 997
457 354
536 699
209 378
72 927
292 436
258 228
577 450
481 469
317 839
940 571
819 445
1 526
454 480
328 983
766 728
727 929
340 271
115 521
650 772
596 56
373 321
124 841
32 679
162 618
70 291
789 447
420 310
3 358
442 202
638 294
2 946
746 707
854 782
675 393
15 936
876 638
450 954
598 983
656 298
716 890
519 409
870 503
817 249
565 619
343 109
771 664
385 373
209 9
742 189
123 807
29 830
384 907
773 431
663 783
869 54
177 580
441 959
760 731
815 725
85 488
52 392
986 101
784 338
626 188
773 33
17 521
697 95
316 515
722 762
852 701
545 19
639 791
285 792
549 635
142 911
436 356
455 72
683 130
259 741
901 71
155 308
359 556
575 312
722 796
941 875
526 212
970 482
829 751
446 631
106 748
583 114
736 249
743 817
188 410
210 574
134 976
174 861
31 572
197 324
933 464
314 608
792 944
813 909
952 566
526 272
815 331
328 491
400 904
918 78
996 954
852 454
374 518
177 250
620 810
14 983
589 821
516 637
849 712
796 466
780 58
34 72
520 711
318 996
245 652
84 526
480 411
541 332
714 615
395 506
625 951
681 997
478 941
82 362
634 975
430 720
940 930
788 482
388 473
372 551
484 185
841 632
453 866
369 367
958 897
280 296
872 322
161 123
381 384
775 330
392 305
657 763
450 27
397 512
920 871
647 652
862 39
636 9
12 901
697 123
181 778
420 758
536 823
169 818
481 992
852 721
464 754
13 577
147 775
459 41
540 886
71 183
563 399
364 67
804 931
291 752
308 306
866 356
189 241
934 181
38 510
773 889
942 672
688 783
857 904
606 269
117 448
19 527
636 572
909 506
378 796
736 678
753 760
93 375
993 329
259 157
102 801
278 296
221 467
408 624
117 226
989 540
174 91
233 509
287 216
309 944
864 329
292 162
184 811
452 432
675 355
550 545
20 564
617 528
512 900
4 633
97 841
884 986
315 481
667 628
504 294
768 685
737 264
479 663
81 876
335 499
365 514
875 646
348 286
153 280
559 928
33 370
901 673
833 747
464 146
928 513
376 574
824 466
533 220
204 332
741 51
959 460
891 394
328 560
198 641
934 277
960 944
29 185
232 4
470 469
942 883
28 102
428 968
108 436
652 659
302 492
710 409
910 239
147 513
960 37
10 991
597 121
890 245
672 416
446 527
416 750
553 483
383 80
411 293
692 978
452 607
532 891
737 767
157 958
799 499
92 661
553 157
810 756
499 653
852 399
724 112
747 83
587 539
239 599
840 478
605 194
40 262
224 99
25 118
577 545
799 166
931 118
399 564
770 424
756 193
921 44
794 290
709 181
72 6
306 859
942 113
533 232
681 829
77 156
461 61
210 511
394 246
604 211
493 364
20 12
149 352
685 878
707 202
335 661
29 970
860 500
989 664
259 861
349 889
834 731
967 533
73 879
185 421
901 423
747 987
427 388
266 932
100 135
564 195
88 711
506 346
142 932
903 382
612 58
425 144
523 207
318 165
125 265
41 295
39 757
155 472
999 763
999 465
511 813
863 24
169 36
351 820
833 93
636 902
677 196
74 363
112 42
666 631
523 918
149 524
259 68
890 120
750 978
175 344
142 403
363 444
295 935
645 536
634 389
317 951
49 313
726 605
620 176
624 179
123 11
847 507
651 382
88 464
538 254
558 245
767 129
491 127
571 378
723 39
901 950
581 990
875 689
456 193
93 660
221 588
651 224
135 403
196 131
524 449
604 183
515 482
756 362
594 381
450 705
156 416
998 411
516 841
689 400
290 314
219 448
333 376
25 575
835 10
927 570
596 405
955 677
794 877
228 481
601 585
379 119
346 884
930 752
593 477
385 816
891 144
105 523
89 142
930 492
751 644
648 773
100 778
429 684
428 769
216 263
665 479
973 539
613 756
762 798
563 291
674 600
806 69
22 564
303 581
226 83
445 435
697 538
567 485
648 498
244 627
601 438
98 5
896 988
696 478
951 638
633 773
344 824
589 978
676 761
64 439
541 699
164 114
93 52
213 820
689 789
358 184
493 521
241 910
737 1
520 633
684 28
528 36
512 953
106 48
162 766
932 462
937 770
187 145
867 787
372 147
656 504
162 337
804 278
276 473
777 660
872 534
471 417
766 118
440 738
901 571
650 381
922 454
311 294
842 689
871 275
461 532
168 832
685 805
919 952
137 352
735 773
942 380
205 826
212 823
385 626
544 549
502 701
33 32
989 881
648 963
890 538
906 263
527 341
513 751
856 533
215 638
900 200
612 242
658 390
911 968
401 119
147 887
331 242
687 881
624 831
491 488
143 739
271 478
700 764
592 285
614 862
355 329
395 750
951 557
623 688
37 61
437 883
701 774
143 213
229 832
280 542
231 379
783 544
291 958
164 176
376 310
87 358
254 315
183 869
420 105
44 557
373 151
853 669
124 771
433 226
935 863
790 166
520 902
408 480
500 14
744 50
197 234
82 154
64 689
905 989
46 257
894 197
16 820
491 594
883 372
871 940
305 266
234 796
519 339
561 89
621 873
90 979
76 546
349 626
135 475
48 451
616 945
167 970
357 929
646 498
357 424
216 788
927 988
34 925
641 227
399 151
534 164
920 934
501 829
551 817
807 139
665 662
333 256
650 194
375 133
303 261
329 885
65 851
679 34
521 192
117 623
354 371
83 819
270 110
962 114
252 662
181 670
683 820
435 31
616 352
523 796
359 458
398 768
114 629
347 699
291 973
22 879
98 449
409 410
389 724
304 576
749 734
862 7
899 27
295 898
789 133
615 757
505 434
701 483
291 811
681 471
554 623
922 971
874 448
141 341
56 998
681 352
455 885
34 394
397 359
746 34
666 221
876 532
239 308
371 100
262 224
618 239
429 696
448 747
453 630
868 619
550 200
409 752
890 659
505 863
713 258
438 357
557 145
7 240
30 19
87 70
894 338
421 12
185 202
292 746
224 672
445 520
512 429
380 35
876 984
699 945
395 484
797 452
998 591
380 146
551 213
189 628
86 996
105 75
623 199
919 710
8 132
963 770
359 949
843 872
679 198
612 59
703 204
635 138
375 399
341 666
477 603
593 658
21 857
84 483
160 435
828 499
520 435
630 306
443 580
209 794
819 35
753 933
627 892
892 423
482 149
231 625
165 896
146 565
66 583
88 179
343 965
363 11
182 589
934 988
387 299
75 883
391 467
657 441
343 954
35 535
790 255
375 911
667 864
938 703
589 783
609 177
22 452
173 418
167 590
634 727
229 273
897 901
92 15
737 198
849 396
742 81
690 756
174 477
271 589
438 470
343 701
106 270
713 318
772 821
129 221
383 894
721 859
100 352
684 818
272 707
683 291
238 93
518 115
25 574
544 991
872 503
377 831
808 927
401 479
402 944
58 81
78 565
975 809
160 757
639 896
610 646
882 99
959 229
428 883
179 271
70 69
166 59
829 729
818 586
964 732
198 488
12 870
9 861
963 540
765 920
108 509
610 859
888 873
669 722
321 844
677 231
772 205
682 910
814 448
247 635
69 375
491 45
987 781
549 14
880 219
171 824
689 955
211 75
50 247
838 100
541 847
280 592
723 228
808 851
675 903
328 380
71 732
40 304
166 816
116 507
776 708
372 109
338 77
270 990
514 72
110 665
543 215
893 782
340 626
988 38
182 149
510 294
811 551
724 984
487 594
718 250
54 647
309 399
76 398
276 56
774 203
335 735
603 423
342 329
270 538
796 675
475 808
495 293
939 780
12 673
169 534
264 894
7 990
981 735
307 896
164 799
73 806
773 44
707 419
502 813
158 489
697 121
290 545
934 382
312 985
440 142
112 590
137 210
32 488
217 988
312 840
65 144
304 155
986 776
354 273
449 825
9 889
66 890
783 269
887 329
139 663
265 592
855 687
971 239
516 31
574 365
465 869
550 490
678 319
771 491
620 106
250 753
575 786
980 162
953 794
763 1
3 275
461 723
233 396
106 130
982 867
567 819
699 379
338 49
239 367
367 334
663 729
741 637
580 317
250 788
950 219
618 27
604 90
708 422
578 957
858 477
106 326
916 189
20 106
348 399
479 951
280 151
834 578
500 626
229 156
380 24
586 735
381 305
661 239
119 381
878 760
214 147
894 529
241 215
872 463
191 161
378 408
485 452
983 325
397 546
218 193
441 369
442 616
119 131
199 235
717 331
462 895
198 417
414 738
588 25
772 464
518 756
21 836
649 107
423 624
637 505
69 668
571 950
74 738
881 242
700 530
222 442
350 143
647 801
320 174
1 773
955 337
238 704
669 666
558 576
70 905
990 78
994 21
510 190
341 317
605 397
523 911
398 547
205 831
900 737
124 377
321 598
567 625
783 692
606 9
553 131
68 990
31 788
987 738
738 368
50 782
92 437
917 324
923 607
908 393
215 441
968 233
667 653
538 954
478 841
500 769
836 187
908 280
158 843
140 754
146 883
571 62
111 873
877 534
233 27
324 486
897 90
147 423
975 641
524 479
267 846
17 887
953 355
220 678
229 176
910 627
306 955
241 354
350 668
167 126
208 117
446 179
671 446
512 93
199 425
988 594
972 779
72 547
358 894
481 957
338 990
502 789
60 631
441 755
82 775
726 36
503 373
878 355
351 161
522 671
338 768
618 868
912 575
431 121
624 745
74 262
915 324
244 746
575 662
759 213
407 224
529 314
182 800
808 399
992 764
311 580
972 386
296 163
151 255
265 616
641 817
663 128
645 501
170 535
300 618
486 837
287 380
770 838
364 353
809 244
939 873
193 591
72 616
500 208
942 43
176 646
286 591
931 822
419 106
681 323
221 138
247 398
22 453
775 761
687 477
606 916
20 750
673 716
945 39
289 731
617 288
73 380
77 348
519 261
498 808
940 990
997 795
638 7
876 648
219 183
182 57
754 94
202 939
497 553
135 397
638 918
513 197
471 21
457 767
388 575
119 519
820 602
38 555
845 185
591 437
918 719
906 15
691 815
319 86
621 594
806 556
988 647
39 87
759 708
564 470
400 877
413 595
493 112
369 418
336 181
464 378
450 933
233 563
694 704
933 520
20 503
338 962
1000 491
285 789
734 572
806 153
955 901
705 810
917 355
891 3
263 834
602 466
105 666
487 203
182 994
113 135
352 203
853 67
1000 649
13 828
985 123
70 823
353 481
388 288
762 911
470 762
639 455
807 615
297 234
596 266
634 197
887 277
625 270
994 221
499 553
101 805
980 24
563 112
127 17
757 170
171 827
47 304
505 361
287 225
434 791
330 324
79 67
136 917
254 511
462 232
344 711
698 922
1 186
96 120
119 852
944 310
818 467
505 564
255 854
56 726
951 173
572 806
205 267
23 638
194 572
448 724
34 149
418 52
755 965
121 757
751 369
388 531
695 67
889 760
358 597
984 234
15 732
412 757
932 908
699 907
355 721
817 452
413 17
316 732
531 334
263 627
892 15
256 451
310 522
919 664
649 364
372 887
247 101
284 401
677 582
481 997
703 182
65 230
1000 455
344 299
116 799
751 666
851 281
646 466
924 208
658 388
532 413
436 490
728 239
776 71
425 127
669 772
212 337
31 767
657 836
435 178
146 195
536 583
134 111
460 551
759 157
84 139
62 408
875 384
787 950
737 615
331 466
634 217
959 732
800 315
435 336
183 758
232 904
925 845
126 484
127 53
18 555
775 547
353 88
460 916
154 27
407 895
600 199
988 374
534 206
202 303
80 911
249 776
286 391
514 186
75 644
617 533
248 80
16 822
418 886
384 266
992 95
901 891
594 255
871 233
987 468
73 308
491 741
202 912
955 178
353 516
63 977
524 165
470 957
38 657
614 36
873 110
197 256
361 130
879 448
147 507
721 961
276 221
479 950
581 694
141 981
648 643
358 960
752 855
988 591
55 928
464 435
270 273
492 481
511 583
916 259
830 457
134 137
372 843
428 677
621 316
821 138
643 678
716 464
212 857
122 789
268 929
397 370
894 835
187 851
4 123
706 77
856 354
319 546
826 850
757 558
424 270
957 188
351 221
902 743
429 136
528 900
322 501
415 560
861 512
840 561
539 260
924 474
122 102
430 407
490 642
681 59
135 710
425 646
335 399
411 471
947 265
35 323
245 446
541 865
176 667
913 762
257 894
224 247
103 957
827 205
295 627
558 79
485 752
382 475
366 747
383 614
226 441
512 530
598 863
822 499
201 491
475 196
196 170
471 112
99 929
279 905
565 644
233 939
90 804
492 656
24 74
704 764
246 931
196 245
458 659
29 343
618 673
360 177
17 912
176 564
661 371
740 156
208 5
96 783
707 493
356 133
195 257
358 895
342 80
40 734
208 916
711 418
472 809
18 141
227 833
7 711
545 228
892 277
696 120
237 424
130 610
256 681
757 657
920 576
68 452
359 661
401 61
459 835
723 654
8 233
288 361
917 818
523 907
17 254
939 731
374 284
306 212
224 437
60 43
351 612
559 451
438 86
265 841
875 118
328 499
987 497
648 246
35 204
418 732
292 229
629 60
644 216
245 259
780 18
710 983
370 596
704 284
923 570
504 498
413 876
718 365
719 988
188 532
245 549
853 806
451 186
733 816
704 570
153 292
284 970
529 705
769 114
127 532
807 414
663 922
206 803
337 80
438 449
674 433
638 998
190 811
141 908
290 454
404 322
902 65
328 764
419 647
350 633
428 591
345 287
808 897
170 146
280 494
155 746
462 922
449 457
711 497
752 750
164 884
330 604
627 286
498 711
47 921
375 508
34 210
532 267
492 184
773 111
260 54
613 864
227 61
49 918
605 816
416 988
588 34
881 40
844 436
739 214
692 192
711 164
14 492
511 962
772 56
963 236
653 747
437 889
628 885
113 480
448 75
909 466
639 343
198 27
127 131
734 121
757 824
634 53
856 231
254 983
643 203
865 367
406 39
804 389
965 988
767 64
215 6
862 364
735 742
205 599
39 159
27 687
376 507
418 736
435 642
662 71
115 918
757 46
978 488
941 244
581 157
196 445
625 841
497 746
956 471
390 277
875 769
785 537
695 58
988 32
36 405
831 554
79 273
814 860
414 46
198 496
138 84
31 291
676 724
493 416
755 117
862 827
538 661
498 502
416 461
897 306
807 275
276 169
29 953
854 746
746 419
109 353
642 742
459 382
210 674
617 150
800 658
179 894
901 508
8 357
635 854
997 323
398 414
130 776
366 274
869 665
503 143
146 30
536 938
352 796
221 619
701 289
977 697
541 344
209 727
122 208
485 866
914 170
235 208
226 114
652 634
213 872
640 934
473 923
607 88
903 843
300 668
343 798
898 837
576 41
980 177
762 130
842 58
828 121
791 103
499 693
886 291
135 899
67 985
732 989
70 220
845 730
554 537
25 493
558 193
376 23
790 984
538 53
120 28
154 179
549 403
642 23
736 230
862 618
3 563
704 324
851 151
659 840
793 18
426 557
667 761
123 794
451 114
968 40
141 754
755 928
148 178
828 556
46 593
695 650
107 933
181 182
897 237
38 737
2 523
195 690
115 430
498 26
963 124
823 664
975 973
946 921
177 896
471 513
555 183
868 950
831 2
368 302
873 792
802 260
588 309
366 447
549 464
56 13
700 974
648 881
307 188
645 108
539 505
920 613
26 732
298 345
108 432
326 379
700 556
888 820
631 4
268 640
251 472
625 235
700 643
900 461
44 863
135 688
128 878
411 136
620 426
397 117
697 599
134 924
283 370
122 470
123 627
568 740
973 915
101 892
466 299
306 128
59 344
461 612
406 239
120 858
961 612
38 80
712 574
589 872
349 495
944 657
376 51
896 596
128 974
130 148
40 970
28 891
550 42
819 608
709 773
276 301
222 673
997 741
34 363
897 47
370 275
208 442
225 508
764 583
945 795
31 362
253 454
271 667
134 97
135 312
873 73
640 230
860 321
96 510
777 947
760 853
570 218
440 507
403 241
9 362
835 18
690 787
768 201
419 891
596 973
644 93
125 607
109 442
590 443
575 45
317 301
933 269
765 687
490 803
329 743
844 2
39 352
838 544
329 624
189 196
597 199
447 430
479 535
759 215
880 468
995 997
486 744
821 673
813 529
961 806
368 213
895 617
514 430
681 423
719 411
575 967
980 117
322 875
929 369
476 212
339 212
912 12
365 984
115 957
22 475
405 449
98 693
928 208
185 559
573 452
187 137
760 181
153 9
432 112
917 471
798 40
188 533
617 893
243 63
650 325
483 748
655 756
695 247
295 197
233 902
911 399
997 76
411 633
532 71
953 238
898 697
756 741
343 176
9 134
907 685
68 743
787 371
864 526
702 354
703 15
245 13
82 967
156 322
985 302
661 519
612 75
697 161
977 946
83 895
835 300
964 584
17 669
734 546
995 210
268 116
118 263
691 749
13 937
655 78
198 495
678 933
15 439
97 536
647 986
562 578
265 680
36 621
952 878
621 743
387 221
460 573
503 633
360 761
364 161
919 171
117 503
869 824
106 632
88 227
783 456
481 500
361 590
253 616
706 928
628 532
791 66
650 850
174 64
329 57
832 896
207 56
50 837
92 456
281 47
615 28
525 500
733 113
791 401
25 50
153 485
733 226
571 11
572 800
646 731
495 211
137 569
266 159
563 607
103 430
629 930
862 264
483 520
12 957
836 12
552 603
807 445
664 181
544 859
742 850
695 193
324 335
384 876
350 715
59 554
940 369
726 422
588 387
536 30
366 49
65 986
377 984
910 728
327 318
879 253
170 119
243 599
911 54
294 28
777 54
796 374
467 696
514 931
403 372
389 841
360 567
70 646
329 520
915 273
79 636
463 989
800 95
998 780
503 428
341 433
680 741
346 537
866 208
329 908
302 324
15 11
394 947
252 963
109 966
628 842
511 118
829 77
957 120
575 569
10 951
905 517
283 361
805 542
456 611
365 749
455 3
424 193
888 614
38 41
911 708
362 373
948 540
426 155
104 518
810 541
64 407
139 455
286 634
469 672
606 931
129 301
849 670
386 180
331 212
932 415
63 765
559 728
879 639
440 932
614 248
172 427
7 43
429 276
432 56
585 454
881 879
845 908
721 646
205 301
957 798
651 223
409 792
655 703
949 926
510 464
557 953
884 197
864 37
430 598
928 663
124 306
677 361
721 928
945 728
342 360
548 515
660 69
829 858
461 374
427 170
179 15
589 122
725 522
185 694
610 730
111 379
522 518
260 489
208 938
875 615
906 295
820 161
200 734
165 340
555 84
796 346
962 78
30 518
604 703
454 818
481 624
498 558
251 362
89 123
364 971
758 287
316 806
248 724
759 989
936 363
939 608
430 746
691 451
451 870
93 293
437 851
491 246
97 147
558 768
887 588
305 878
685 387
684 57
489 985
961 635
410 227
193 529
510 48
240 532
379 436
188 812
500 110
301 11
413 625
641 662
236 608
58 256
224 120
249 667
909 989
180 787
788 722
827 60
520 644
426 639
211 723
345 837
181 503
254 791
793 237
8 787
941 477
638 121
876 822
699 215
920 232
527 994
579 365
427 1000
512 306
608 171
980 28
419 540
281 547
814 631
309 117
852 20
890 892
211 783
655 806
826 304
55 902
708 198
893 488
114 465
886 531
855 812
531 970
91 963
330 649
385 856
905 129
63 361
946 18
363 451
454 288
5 991
409 877
282 935
209 653
644 752
543 800
787 786
717 621
847 898
951 295
17 99
706 369
212 506
947 73
877 504
572 362
981 298
912 367
415 308
566 924
195 314
973 950
558 796
870 978
28 523
321 567
359 91
126 290
109 688
173 147
286 434
68 399
584 352
962 927
279 491
249 710
719 594
41 690
908 424
603 512
936 929
556 378
351 713
150 495
300 56
470 904
401 919
310 225
21 114
212 543
479 746
119 659
785 861
860 183
276 32
59 656
703 731
617 926
44 888
855 396
893 634
324 340
146 628
536 404
419 568
902 71
797 307
502 571
765 511
811 251
176 434
863 679
259 973
207 899
833 496
29 203
240 468
717 862
333 597
851 1000
730 27
661 506
42 249
687 747
996 754
346 747
706 187
188 919
811 327
406 761
355 195
865 530
238 524
726 37
514 657
435 200
777 403
113 486
796 215
339 804
303 833
785 66
35 575
734 127
10 562
611 240
494 980
376 287
429 875
819 415
141 183
701 991
999 222
168 378
775 585
79 76
631 563
559 342
942 74
359 204
876 442
862 765
535 201
220 477
734 979
36 256
574 2
685 237
387 950
357 137
10 423
48 254
379 652
875 771
306 570
509 1
862 543
812 240
999 354
159 135
486 307
548 266
382 352
759 790
610 578
513 38
841 657
698 106
609 669
388 542
618 453
884 384
299 122
797 279
678 570
879 143
38 933
26 949
129 139
262 797
716 344
354 505
228 386
341 237
844 345
9 899
599 354
821 804
473 78
187 840
367 686
192 738
346 631
810 198
350 151
387 171
407 180
635 39
247 821
93 431
331 326
919 345
852 812
467 278
467 262
517 366
413 174
145 399
202 72
130 509
294 692
597 833
230 682
502 399
244 583
912 183
642 320
628 617
207 110
899 133
597 818
230 261
31 828
235 145
663 427
297 630
746 815
672 582
837 116
605 248
474 618
970 855
183 6
974 823
921 169
334 406
31 82
894 206
883 379
993 783
520 745
79 326
594 390
211 310
11 351
432 57
364 296
181 402
272 466
572 709
958 762
794 379
397 890
506 797
983 797
140 601
422 621
183 341
441 174
461 19
134 123
410 755
160 514
34 39
613 145
990 209
104 959
86 755
509 760
717 435
384 841
683 367
370 94
232 3
432 581
473 287
111 277
150 979
48 693
51 630
488 316
753 368
721 210
968 632
707 387
194 114
30 756
128 363
186 926
47 851
32 8
70 592
911 954
53 430
365 140
293 511
630 440
612 147
726 911
998 992
121 921
658 487
326 377
286 573
4 245
777 307
688 850
644 742
250 47
537 895
615 530
544 113
253 717
658 137
507 549
221 367
386 964
369 516
558 918
747 784
27 986
253 702
18 763
612 62
837 199
140 57
639 79
333 929
690 491
304 306
488 559
804 103
861 114
917 715
279 407
49 66
600 412
810 190
79 346
427 717
580 285
950 187
182 81
609 507
223 879
354 906
975 284
450 409
659 727
896 227
254 871
810 870
137 705
559 834
985 901
927 814
381 352
399 321
938 501
975 562
209 183
138 253
46 994
642 573
983 500
859 138
973 190
88 606
821 122
346 922
424 544
298 25
887 201
29 151
530 476
768 489
18 136
184 224
632 734
32 20
105 674
551 391
234 903
811 346
229 705
386 646
350 111
910 205
911 700
382 604
97 988
5 705
725 210
946 289
230 40
641 821
507 705
1 662
808 258
939 732
687 10
619 832
654 321
71 465
365 692
918 458
22 255
64 417
466 269
487 97
292 145
499 367
802 706
2 26
991 934
561 297
702 60
951 468
79 137
707 592
194 677
124 550
489 103
827 91
443 338
724 961
871 818
432 193
489 496
417 371
932 694
275 653
44 129
684 471
243 1
263 212
551 513
243 174
427 983
745 80
428 292
357 410
876 938
39 194
232 204
952 325
448 489
356 213
323 292
198 688
237 262
661 404
848 389
278 525
668 432
775 492
783 554
512 172
587 544
125 609
40 701
108 451
29 649
652 924
467 670
817 783
481 590
963 626
347 713
317 17
999 533
108 506
436 385
488 154
505 796
772 532
364 326
930 827
779 98
203 359
393 803
62 430
959 676
875 297
412 553
531 421
625 258
80 889
120 694
339 916
321 609
305 804
202 420
480 206
244 799
979 228
581 376
657 408
970 929
221 121
300 872
961 546
983 677
680 214
954 413
537 371
825 843
102 183
676 98
223 897
573 486
831 710
724 886
581 43
231 870
551 711
555 640
917 489
390 411
103 424
305 369
509 749
349 616
667 626
383 793
92 766
876 910
778 18
462 731
411 583
128 355
519 237
446 79
229 837
656 969
734 994
241 191
223 379
101 888
302 654
229 982
548 862
660 880
555 106
792 424
597 411
753 181
536 941
645 117
920 524
428 995
736 992
130 553
131 256
244 703
333 858
620 306
161 553
792 757
977 719
675 203
594 555
470 54
282 190
286 862
676 450
1 734
938 581
585 904
718 748
511 342
671 734
751 974
433 228
987 669
917 698
960 230
157 757
486 99
931 768
70 354
220 155
817 697
316 581
323 642
970 998
125 274
269 600
128 916
550 939
385 123
371 142
245 617
410 478
528 149
233 145
769 157
236 796
116 250
707 953
859 786
38 661
920 142
116 873
582 634
275 306
202 894
280 156
358 629
161 175
110 250
204 331
186 714
447 161
87 158
401 521
932 819
627 445
989 830
301 99
206 568
688 279
800 689
484 709
44 444
821 101
695 588
57 200
886 565
482 327
445 817
125 553
255 590
227 861
521 202
801 330
605 964
90 307
679 169
517 30
467 455
359 621
251 364
626 304
990 785
739 19
303 26
595 3
986 920
308 652
826 961
169 66
813 921
279 29
635 435
736 746
809 114
368 238
520 251
966 200
130 478
629 258
353 15
649 554
377 129
310 104
165 712
666 431
290 135
888 755
724 89
140 58
624 285
657 929
423 540
261 794
372 51
62 979
746 768
488 528
15 815
70 334
610 307
791 362
250 706
280 913
664 930
516 707
645 993
25 232
157 507
158 844
474 353
202 944
987 461
977 382
760 122
357 20
910 858
395 315
56 513
915 316
675 8
268 728
847 330
135 72
901 654
172 830
907 309
124 709
849 102
228 101
730 995
323 331
695 547
113 803
39 63
82 990
781 842
982 181
702 212
208 904
887 200
878 501
368 334
369 155
208 807
450 892
180 149
479 507
341 390
435 65
808 485
956 775
293 99
956 677
938 872
400 375
218 738
471 277
259 60
499 931
390 795
728 171
784 653
108 181
71 323
790 407
652 396
728 90
591 994
326 151
224 329
813 671
761 150
66 752
605 285
900 353
629 407
226 394
286 432
605 142
735 543
258 433
889 171
942 159
118 948
469 983
680 138
37 563
166 921
150 370
427 667
512 579
306 532
71 788
112 715
439 784
372 309
375 662
586 943
14 755
36 460
522 439
962 558
326 65
600 767
636 622
31 331
551 512
831 272
934 896
764 981
411 634
247 746
323 150
633 813
555 355
612 272
774 3
25 512
355 777
636 398
194 153
803 529
593 69
385 664
273 671
648 957
48 973
468 718
133 671
131 406
631 171
798 566
967 165
184 364
807 828
650 59
652 707
321 981
374 421
91 719
833 50
905 413
485 987
75 851
79 699
649 896
101 720
891 725
452 527
39 837
637 878
371 428
197 477
948 571
577 745
2 221
40 24
115 636
957 307
299 469
818 27
218 907
420 451
634 275
432 305
400 993
503 958
491 990
577 625
45 59
822 565
7 387
381 84
557 49
867 873
64 586
393 644
802 824
654 777
968 553
612 583
298 523
255 955
85 705
525 548
140 518
237 518
715 648
488 324
410 780
413 123
911 12
592 682
756 341
544 973
466 743
199 479
238 3
665 643
995 388
354 773
7 980
753 330
204 6
756 619
924 783
851 793
960 558
693 70
123 29
954 530
151 638
635 219
928 185
947 711
913 427
622 967
94 380
846 655
299 568
618 790
982 479
53 505
278 810
632 902
47 159
69 563
956 637
813 948
481 331
523 838
69 452
14 383
623 697
4 305
5 536
715 431
511 192
258 164
773 515
649 525
745 800
359 606
311 169
50 934
323 615
430 201
782 610
785 334
605 325
515 101
475 416
855 924
481 247
624 321
836 818
941 212
67 763
598 821
656 76
586 773
970 676
393 637
612 773
848 813
780 165
283 839
953 623
185 981
703 575
547 3
841 802
608 19
493 495
681 969
422 565
423 452
67 422
747 568
286 68
384 988
133 831
100 294
194 831
945 733
214 314
472 645
779 26
848 288
542 215
618 694
11 428
786 618
171 162
209 363
119 232
88 580
859 872
489 953
826 394
609 778
518 460
796 294
411 832
673 21
255 309
930 444
772 335
152 612
212 668
531 32
385 287
274 75
518 750
207 667
230 776
711 219
179 506
865 751
614 994
596 617
283 40
982 362
363 262
362 758
39 559
10 967
87 803
862 127
203 646
256 927
207 302
745 883
908 835
562 700
913 391
550 264
495 739
739 321
558 775
154 457
608 516
715 728
573 218
442 332
795 540
107 424
951 349
917 733
577 648
874 346
605 218
642 68
770 49
37 254
719 86
331 817
282 343
836 786
1 229
166 973
194 718
211 724
253 81
751 470
608 64
702 665
163 356
613 290
465 178
394 254
893 18
646 960
3 862
298 850
134 244
157 141
893 131
806 570
369 303
884 483
121 982
74 844
806 405
608 396
310 580
883 761
575 216
134 278
218 175
600 48
185 286
534 587
886 534
138 851
817 737
161 261
713 976
196 603
63 362
509 362
285 956
15 215
398 197
131 458
541 363
377 352
842 955
56 267
60 339
939 560
766 853
466 484
294 660
779 820
616 466
890 17
728 172
433 496
396 252
970 169
183 644
532 204
829 114
83 272
835 769
782 824
508 771
561 529
731 848
516 364
115 611
874 412
327 319
861 178
23 797
887 962
505 704
253 903
182 358
925 11
331 844
336 946
7 265
390 659
548 66
943 589
361 257
750 869
452 1000
474 544
366 626
737 110
442 66
560 993
323 457
725 728
677 698
440 607
955 128
884 26
22 313
480 352
957 978
279 714
943 675
362 780
382 331
401 564
662 265
647 223
244 360
157 335
747 627
710 517
345 727
312 392
383 871
746 792
725 892
542 834
907 451
860 289
918 705
831 352
737 16
851 542
566 477
471 369
968 636
296 481
263 821
621 733
808 902
909 877
267 735
548 804
18 347
169 989
132 215
351 493
208 885
418 840
191 372
699 723
740 448
968 655
200 793
701 423
39 256
958 46
240 742
622 923
680 638
790 743
242 410
273 73
290 873
919 310
544 76
967 458
435 205
697 546
866 187
559 140
503 746
162 818
681 118
31 948
418 539
148 752
149 665
425 705
706 626
727 860
953 775
954 508
645 757
897 265
709 450
909 768
352 961
861 7
936 866
990 437
258 402
650 944
903 294
691 301
385 29
760 213
229 318
690 256
866 352
491 767
220 471
336 700
903 196
138 462
690 659
820 742
28 970
417 285
146 949
897 107
152 802
439 996
813 215
711 908
323 87
710 609
890 362
306 795
751 383
698 105
720 481
917 201
281 623
194 984
74 306
712 133
462 562
987 29
271 844
460 168
683 260
63 238
506 585
401 547
402 892
494 238
868 927
426 118
103 878
342 34
590 324
96 664
65 847
359 869
506 299
271 147
455 150
422 146
146 401
574 984
777 58
411 788
933 935
496 220
541 162
544 484
303 147
544 505
818 760
247 822
748 889
730 284
203 436
748 136
689 766
303 870
472 290
625 300
662 683
404 655
744 395
670 922
586 465
788 885
382 199
628 216
951 489
864 305
629 255
614 365
67 762
188 87
218 868
326 521
883 380
612 774
867 823
284 873
858 642
508 271
254 255
400 538
93 675
846 483
587 228
99 826
353 542
102 947
188 12
949 922
806 829
225 766
846 18
815 961
559 939
896 912
341 586
289 999
16 601
346 240
10 11
138 196
342 364
404 263
624 71
962 313
584 507
656 920
198 879
569 393
734 845
57 93
367 888
7 571
636 439
160 850
488 319
679 69
916 265
510 912
859 321
332 455
425 163
100 891
574 424
895 696
881 26
610 568
421 183
403 660
367 719
725 473
880 350
790 687
38 384
847 271
388 343
620 272
892 493
655 307
71 200
421 489
61 82
706 361
448 25
639 389
255 396
535 334
866 99
981 274
306 42
786 352
92 767
5 908
687 224
526 294
231 228
184 865
996 916
283 663
268 193
676 198
399 793
573 330
443 109
462 187
135 883
10 606
984 695
932 447
20 721
166 883
244 119
483 793
46 293
379 728
90 669
421 783
633 257
124 202
564 901
980 530
853 780
590 849
495 23
703 594
560 804
816 190
409 760
708 484
746 179
434 524
312 493
884 293
677 964
636 48
870 291
730 894
897 381
789 499
169 710
521 441
561 936
719 919
953 70
522 981
560 352
907 533
251 959
20 474
939 132
27 462
284 471
604 744
735 278
260 88
815 398
393 377
89 42
536 999
283 134
192 478
977 644
27 157
464 977
283 55
415 530
771 266
75 169
221 972
761 442
687 934
869 783
654 213
287 468
1 747
830 954
724 409
876 172
35 404
933 435
112 257
849 824
442 510
369 694
857 745
658 906
734 161
774 776
736 966
832 953
905 803
284 134
745 537
230 83
620 847
642 41
223 942
764 642
818 294
106 84
123 333
576 348
245 559
585 386
513 173
956 752
849 458
63 791
524 363
340 836
586 572
418 154
572 639
722 172
923 975
368 52
259 787
43 248
411 636
53 533
703 725
720 292
663 886
150 815
385 301
299 304
377 944
817 691
88 573
401 352
754 78
717 858
687 518
726 232
30 563
490 768
244 668
40 591
491 608
467 528
583 838
326 309
827 274
204 928
888 881
338 622
418 175
970 379
627 800
22 956
667 393
282 857
362 395
252 811
292 466
829 149
120 697
118 964
16 404
206 427
867 431
45 791
27 820
763 526
196 645
857 709
932 17
329 60
257 783
221 118
59 135
757 36
650 814
631 527
304 366
657 302
370 739
97 441
940 667
389 112
870 220
743 38
737 137
673 838
138 380
978 599
896 384
272 490
456 151
721 669
371 36
392 767
600 558
747 449
751 265
276 81
595 885
228 842
564 748
12 635
324 293
93 608
538 671
280 131
711 796
342 321
966 783
533 408
517 611
797 275
798 84
160 984
638 663
324 731
717 28
590 218
646 24
850 639
928 477
178 724
327 309
247 298
366 421
167 140
261 71
815 608
228 398
13 742
379 42
803 924
381 760
238 118
260 385
462 875
218 279
682 102
477 618
494 440
332 307
467 556
305 823
98 208
406 665
498 662
13 857
360 587
307 68
945 266
830 784
134 795
874 672
356 671
123 764
985 201
936 259
424 55
351 900
65 315
212 62
175 170
692 960
62 851
684 916
457 433
888 619
524 649
104 91
230 686
447 955
31 824
123 843
219 520
261 803
540 466
905 891
84 854
755 539
644 528
349 310
463 306
749 821
589 672
920 499
419 163
520 749
319 467
582 351
362 818
614 76
318 537
517 677
2 658
918 940
977 416
480 664
929 325
399 361
256 233
99 539
924 728
686 555
210 416
871 597
130 169
16 745
570 192
469 804
502 615
854 264
195 413
402 865
275 21
518 51
939 10
227 193
450 117
878 109
522 897
817 763
930 442
694 643
845 301
739 822
655 43
123 461
434 432
754 233
477 590
543 843
895 520
432 925
517 428
311 865
147 385
431 210
87 844
369 943
835 662
804 687
511 17
847 715
353 147
602 550
913 977
74 95
350 226
407 811
152 911
978 648
693 915
845 760
629 33
237 739
7 295
652 88
283 519
179 598
805 950
440 982
193 822
603 571
340 579
414 334
87 705
520 649
106 384
859 706
408 217
615 257
11 159
878 522
963 361
333 104
372 498
582 613
807 320
4 627
264 704
104 927
301 603
472 611
548 556
343 160
608 287
475 872
3 977
769 32
874 48
454 742
539 780
332 6
962 141
307 960
768 382
330 547
203 819
95 865
27 449
815 536
48 548
617 683
757 745
403 322
740 505
355 93
139 920
670 388
104 347
192 814
49 875
191 560
375 311
621 59
382 753
570 651
437 912
41 479
648 113
725 109
231 468
895 957
934 235
832 365
9 522
672 454
269 72
951 620
701 69
834 540
117 398
463 182
139 548
361 596
469 513
792 974
575 973
779 532
500 259
598 550
783 656
400 935
439 478
496 560
597 758
905 543
654 615
287 154
145 629
21 303
296 743
118 522
603 918
909 875
286 850
461 868
504 505
656 406
424 872
163 230
591 238
558 477
944 401
880 707
383 912
918 997
405 798
758 740
390 66
449 902
616 614
231 604
876 791
128 125
438 350
521 762
975 621
100 361
417 81
395 947
920 120
719 616
726 412
108 931
114 850
552 786
95 820
890 524
599 228
982 212
323 441
52 153
75 264
256 622
42 330
521 182
977 948
63 315
194 438
30 560
494 413
208 774
706 29
544 352
229 656
752 451
968 899
296 361
407 175
88 971
981 419
57 592
740 852
278 440
99 205
395 764
87 884
883 953
100 737
448 66
529 431
107 199
933 453
844 736
334 626
425 694
338 401
447 817
412 596
715 277
666 371
685 437
559 492
943 781
675 739
509 329
572 105
67 627
603 837
350 439
561 329
102 171
676 110
635 706
715 960
862 625
477 397
150 285
427 760
853 850
379 643
141 630
474 693
382 282
440 637
646 733
918 790
703 516
838 834
183 332
738 645
577 769
710 615
842 679
989 564
573 821
988 237
587 789
306 1000
219 393
973 96
668 754
835 67
898 663
868 921
878 86
916 375
422 456
540 683
940 397
839 337
639 943
414 636
643 690
407 581
30 556
588 238
782 186
914 18
240 211
630 638
496 45
981 26
639 530
550 1
712 796
19 443
826 809
188 450
66 994
106 567
579 812
92 614
771 325
57 733
761 369
613 945
529 395
514 481
531 453
631 716
35 431
698 757
970 126
183 895
899 438
222 771
499 698
886 314
943 801
306 358
71 554
174 209
413 615
322 988
841 116
81 959
499 472
870 249
486 246
803 176
253 217
366 552
352 246
334 10
906 651
671 905
870 22
736 108
314 62
595 163
1000 646
674 302
487 617
774 285
498 386
138 115
836 110
620 709
16 603
55 666
459 852
121 778
198 978
650 673
509 755
685 656
561 898
718 234
584 509
837 981
199 444
916 420
578 711
869 452
122 571
673 185
583 602
470 113
365 101
778 276
928 361
329 706
434 478
61 797
825 701
551 414
347 644
494 597
262 81
565 270
344 446
52 887
865 748
517 427
757 566
574 212
407 215
804 601
18 978
215 433
313 147
465 815
430 415
107 254
302 913
612 568
108 220
164 222
791 19
888 648
795 468
307 687
304 457
508 873
269 773
842 89
36 16
516 282
404 540
177 174
287 161
699 289
296 780
281 120
157 209
267 445
140 901
234 56
276 325
400 745
760 15
153 423
248 447
372 332
12 429
196 146
989 459
37 974
718 835
774 249
704 581
778 244
573 68
823 836
402 672
721 902
81 103
245 796
625 455
565 829
289 114
276 872
601 713
859 129
734 815
55 924
955 658
354 459
973 901
156 516
454 630
596 827
924 882
872 163
393 238
761 749
993 756
213 102
179 426
937 378
578 124
947 945
731 518
354 15
9 696
361 825
383 232
222 46
425 968
597 34
605 631
207 271
652 392
818 992
766 570
647 323
736 449
755 513
637 823
253 974
128 643
58 716
888 275
136 994
983 668
175 579
509 277
844 493
244 38
118 523
358 26
415 225
955 20
496 799
405 59
202 781
237 764
516 675
665 111
24 353
331 943
685 20
885 45
790 83
108 18
292 594
828 636
703 624
271 708
882 469
115 510
831 284
634 814
11 267
565 736
806 902
73 982
294 446
756 205
775 197
985 533
234 611
164 926
419 655
351 914
670 180
817 544
109 262
950 708
418 493
149 927
111 328
60 718
691 980
160 156
803 994
199 277
319 954
795 562
820 103
566 391
252 355
808 679
769 935
238 820
919 621
223 32
564 108
752 452
114 721
482 109
299 609
563 300
929 682
739 47
83 723
523 862
127 742
273 223
298 375
4 345
867 243
227 656
737 150
947 171
841 492
382 972
2 294
130 275
645 464
867 320
887 669
451 693
378 895
141 177
386 56
818 23
212 250
123 929
263 120
154 191
763 753
864 296
573 672
594 897
79 251
83 577
926 135
819 560
569 837
288 952
670 478
543 684
262 312
618 154
266 823
456 153
609 437
58 437
298 612
530 955
175 810
399 486
382 362
440 749
663 577
656 657
676 732
488 798
225 686
7 818
640 165
660 168
493 297
241 336
47 758
803 672
76 358
284 379
383 899
394 407
507 98
199 360
698 313
147 53
756 631
25 657
688 511
363 611
588 152
769 530
292 261
898 950
170 1
137 216
125 753
972 142
955 952
498 517
62 130
230 864
433 706
566 530
443 553
248 703
476 599
452 264
182 371
4 174
62 508
395 539
412 667
737 638
330 60
294 723
26 277
961 886
995 104
489 351
108 249
112 252
507 552
739 297
781 52
567 615
126 493
165 735
941 700
842 181
715 641
662 904
405 401
672 604
158 699
784 6
41 69
718 403
776 222
818 285
489 145
453 502
36 290
366 553
276 273
295 471
461 811
614 243
927 18
729 831
732 106
2 737
738 567
29 728
784 435
931 164
695 135
1000 178
422 553
349 583
734 977
151 167
777 927
261 374
63 190
161 162
272 773
20 227
424 812
458 262
650 102
299 92
739 338
163 765
169 632
422 410
643 768
769 717
184 91
561 611
393 241
583 746
726 572
532 356
436 177
76 104
407 496
62 190
635 104
672 222
770 679
200 931
882 643
603 108
606 330
846 863
762 972
895 872
368 227
437 292
175 328
785 12
718 674
119 212
709 357
608 536
199 583
674 212
41 957
685 508
117 202
376 460
233 453
384 449
847 408
646 189
11 802
969 42
861 76
207 3
580 500
118 607
893 859
362 901
880 586
202 554
334 103
707 523
983 846
897 39
736 9
183 262
777 729
285 338
345 767
381 137
863 773
383 847
828 968
222 611
745 126
100 358
270 553
661 152
220 696
385 405
627 758
335 665
945 765
198 831
287 538
574 554
413 464
328 600
765 673
479 179
593 493
976 499
501 568
740 452
821 245
661 604
847 885
830 125
597 350
999 670
212 700
130 635
402 244
955 992
653 621
892 413
948 159
893 844
695 994
535 649
226 67
544 36
692 868
77 484
400 364
292 298
311 606
631 183
755 75
620 21
424 128
250 414
288 703
695 843
382 179
296 858
405 344
903 425
836 604
747 43
430 773
433 39
89 901
970 774
457 169
371 303
245 266
373 453
637 649
283 914
654 647
470 528
956 742
453 462
827 81
738 524
577 906
561 13
618 54
177 260
395 461
253 113
954 84
558 508
522 432
119 734
327 927
988 891
168 848
794 556
318 678
928 726
450 358
547 940
698 448
720 392
777 983
941 732
47 733
329 984
915 833
613 36
764 651
63 71
601 548
231 433
368 641
848 123
467 823
428 727
32 360
181 825
855 284
860 865
420 598
717 808
782 996
406 513
419 389
445 229
86 249
715 203
618 442
8 63
597 227
66 877
817 995
535 685
614 350
331 339
596 429
530 111
127 293
938 728
153 512
904 840
584 440
502 267
31 547
342 672
808 228
469 695
520 184
259 172
176 638
130 387
672 706
467 62
13 502
514 317
552 120
734 128
296 822
135 807
696 618
709 462
303 541
714 468
399 850
330 477
248 62
698 928
24 719
832 678
63 598
745 395
177 471
72 251
591 204
828 658
478 783
263 161
546 479
710 714
159 336
533 195
590 908
591 381
868 726
102 794
797 308
965 424
350 688
586 607
660 314
475 948
441 4
722 143
45 506
272 794
94 805
609 519
167 939
557 351
357 265
985 624
859 91
575 143
377 992
893 312
109 489
492 503
654 310
497 15
960 929
66 60
543 562
413 265
968 576
437 643
935 132
82 818
854 60
548 939
739 876
61 872
544 398
303 159
790 647
627 995
319 929
340 144
69 574
978 686
970 267
106 808
619 992
729 160
201 863
717 703
97 798
634 239
338 480
983 707
179 816
805 44
553 3
216 547
352 332
917 662
696 877
823 408
774 769
273 484
295 867
757 148
831 957
387 364
300 955
92 309
153 175
488 570
549 265
110 721
400 880
935 800
936 834
545 421
135 152
749 818
704 349
799 70
414 480
265 384
955 755
210 381
51 899
585 351
270 675
646 846
258 519
426 421
246 740
238 454
901 660
977 54
794 612
907 271
637 4
565 807
638 807
640 130
586 706
44 373
772 903
55 221
349 872
925 191
543 752
546 52
323 341
677 534
473 352
660 60
128 325
147 227
318 88
348 188
735 425
256 441
646 138
963 786
307 790
752 638
699 764
714 269
425 167
852 762
803 778
695 872
627 590
367 715
425 48
962 806
688 762
781 403
341 492
942 606
448 494
411 18
231 429
89 492
145 66
678 116
174 823
470 753
347 981
95 339
922 829
834 449
595 41
52 518
498 515
115 650
876 219
325 107
571 399
735 656
753 100
840 636
657 346
70 305
453 183
76 950
871 33
513 366
968 256
720 865
887 795
690 373
818 405
115 198
284 841
712 916
777 728
280 32
614 111
659 732
112 899
797 694
138 21
394 251
777 392
159 441
863 917
42 713
725 980
372 620
120 509
733 769
413 62
694 977
732 284
272 866
517 952
495 358
640 469
802 462
142 663
109 288
256 278
760 572
65 922
63 435
322 107
310 712
294 205
740 21
941 810
235 615
713 987
312 924
666 823
630 620
88 835
532 572
933 891
806 251
593 654
341 270
907 836
402 425
910 37
553 296
761 461
668 111
491 428
192 671
395 546
433 491
624 962
164 365
991 376
27 959
175 367
639 266
511 135
404 579
41 783
403 880
122 354
36 54
273 428
888 277
745 652
466 407
28 690
736 345
202 10
433 280
336 951
443 141
444 418
541 972
784 79
567 844
70 428
110 649
625 859
662 32
576 289
615 64
85 981
193 791
529 925
569 920
785 555
366 998
244 454
120 204
840 197
608 97
457 539
777 756
82 376
655 767
694 147
795 22
42 538
564 699
565 750
518 220
629 759
336 386
564 554
821 389
918 693
778 456
699 969
945 617
730 961
329 936
518 510
756 541
831 77
190 95
32 361
488 379
517 190
720 70
8 450
321 141
198 597
866 483
385 956
133 310
26 930
726 95
456 763
970 186
885 777
424 289
319 620
906 142
401 23
832 477
823 502
374 84
51 115
14 357
622 766
808 342
455 749
682 307
757 925
628 606
669 599
476 195
748 48
841 402
844 739
922 885
821 193
386 54
444 352
852 101
799 446
322 836
383 381
184 797
232 871
171 837
596 98
121 326
585 247
503 948
839 574
515 156
985 725
101 413
948 982
309 576
71 865
242 549
738 446
23 514
797 939
585 465
860 77
353 757
228 999
963 364
447 327
512 724
15 515
680 394
354 845
284 544
693 396
897 159
63 690
929 302
603 435
751 235
517 623
259 883
495 297
707 113
599 935
11 390
910 566
328 514
238 5
384 788
294 299
995 394
902 170
778 492
764 213
855 142
603 81
87 352
15 455
402 904
848 88
242 203
542 492
212 535
48 528
214 109
930 402
664 378
564 211
790 789
629 165
481 611
722 867
192 762
830 126
915 280
735 251
518 663
959 995
910 29
311 528
259 726
208 515
247 930
537 788
184 620
57 738
297 307
778 770
763 108
222 887
459 611
571 610
560 753
655 92
316 351
504 231
35 289
932 49
664 687
83 45
399 616
32 765
719 120
520 514
742 299
429 506
417 466
625 867
556 427
337 347
798 504
945 100
504 345
125 412
641 419
92 203
827 408
495 254
685 90
840 211
86 553
368 782
537 227
423 450
560 140
963 217
727 272
251 731
286 78
586 624
419 619
992 295
24 121
493 267
137 399
1000 225
346 31
555 161
976 122
691 993
88 586
397 598
181 975
39 481
830 500
526 973
826 80
789 625
756 964
427 928
484 647
292 660
344 7
814 716
865 880
332 339
152 921
255 341
681 136
661 792
45 566
378 96
783 373
951 919
937 61
222 49
486 762
805 126
753 773
239 790
437 858
830 899
113 401
108 223
644 835
633 968
106 968
982 953
218 694
490 427
418 604
435 550
615 889
463 508
597 975
213 741
987 766
469 843
555 914
12 251
665 231
205 742
352 38
887 794
586 803
186 271
497 680
172 384
699 267
163 863
755 793
372 335
135 413
266 92
381 135
519 59
354 885
872 746
450 256
408 760
256 201
845 137
204 279
67 25
731 46
915 807
440 389
204 358
556 979
815 710
112 102
697 999
309 237
137 52
52 129
8 295
692 465
859 416
459 30
407 203
189 361
248 795
999 664
947 773
730 191
108 383
255 760
302 427
85 25
830 558
169 22
486 535
605 707
363 216
843 210
835 234
991 490
973 843
967 365
571 716
331 407
743 458
891 703
32 1000
987 828
17 132
861 795
404 588
278 109
687 131
67 778
25 319
321 526
931 853
43 936
491 858
913 636
98 728
465 699
175 588
93 83
338 90
727 660
8 358
370 587
200 482
353 895
533 828
475 140
242 657
650 760
581 960
489 504
327 776
92 179
457 538
556 258
188 670
284 989
893 95
509 854
185 128
205 125
252 626
599 813
951 415
328 664
898 540
459 510
225 752
815 885
82 667
29 928
307 514
109 370
916 488
223 510
522 99
851 661
379 148
782 348
418 488
511 729
351 346
9 29
120 15
855 858
802 322
76 35
207 827
423 974
392 98
528 22
234 915
97 677
819 569
425 254
942 949
484 607
96 83
717 951
313 593
957 136
136 502
890 349
28 188
571 778
273 67
38 461
989 249
739 80
278 444
249 316
231 500
378 920
53 640
90 314
723 548
136 724
890 63
128 889
784 736
549 928
731 773
878 980
438 545
735 821
352 674
649 538
762 117
874 619
533 668
2 212
306 382
625 612
183 900
51 166
653 164
837 135
932 109
202 654
666 17
860 74
215 388
549 484
254 122
864 410
367 313
409 811
271 519
955 162
436 757
733 873
668 808
779 65
402 289
305 506
310 885
239 81
901 702
423 430
946 393
185 13
940 363
119 364
367 866
960 820
695 608
825 508
340 282
206 599
583 515
910 337
518 362
925 969
998 866
530 284
568 151
587 341
882 779
829 752
811 269
302 624
428 987
884 11
749 57
22 905
297 16
298 507
136 402
415 576
882 749
614 840
529 343
463 852
100 562
142 847
610 227
57 737
496 271
436 864
986 686
951 592
331 607
4 463
689 679
540 265
934 825
482 961
947 313
473 642
771 103
645 578
231 79
303 578
898 126
2 43
370 689
22 46
923 8
317 610
528 495
837 123
947 471
348 88
957 562
140 876
949 706
362 940
434 529
537 448
297 799
561 800
305 260
470 606
662 344
646 701
578 799
361 253
910 470
112 921
573 740
742 229
945 837
616 592
954 470
608 153
442 570
793 313
423 82
261 371
318 380
929 201
693 272
17 791
698 390
916 49
4 555
314 399
405 564
483 268
671 457
929 186
233 725
731 114
324 750
312 164
185 410
483 157
123 226
929 43
108 630
270 285
398 470
240 390
510 922
958 142
583 743
551 5
122 793
146 121
592 201
114 645
463 522
302 396
435 109
143 676
844 503
421 2
313 649
776 111
355 258
984 210
485 907
277 707
196 917
178 136
948 678
511 28
38 356
97 824
518 914
460 718
64 47
601 504
892 713
967 281
108 212
455 581
738 35
351 628
598 543
946 20
288 751
735 658
386 255
704 110
297 456
481 187
581 312
512 849
585 829
970 993
244 206
373 494
871 35
968 258
608 889
811 700
701 736
206 134
427 695
10 405
193 707
512 639
12 474
768 664
923 840
51 993
113 616
572 593
974 421
299 362
289 901
896 107
954 913
354 741
464 109
615 482
449 735
177 584
237 856
163 525
811 137
618 661
964 441
108 971
345 271
772 756
585 979
69 944
761 829
815 472
51 458
826 536
955 884
886 905
624 663
930 586
330 681
722 808
283 156
730 303
625 51
522 531
961 17
473 89
32 779
911 647
972 439
758 480
575 746
594 740
496 343
648 340
945 406
50 114
608 584
202 393
679 649
974 555
574 417
481 86
126 296
145 244
465 698
581 284
123 886
625 712
455 847
962 917
338 91
568 856
606 752
77 510
650 534
867 740
620 980
751 386
37 652
25 204
253 14
257 481
96 183
404 182
872 696
712 1
31 307
437 232
223 731
81 54
834 620
101 59
841 588
256 214
422 711
871 664
73 736
733 599
534 552
630 829
741 124
926 198
938 240
495 57
462 998
929 89
238 841
167 375
540 755
433 841
89 159
401 235
666 777
271 749
869 762
873 93
133 673
725 255
397 383
623 463
669 819
446 660
198 373
852 786
981 242
784 594
144 817
877 321
438 695
559 149
32 902
896 939
454 429
662 646
841 353
680 929
536 348
687 166
853 650
639 185
19 161
110 841
495 913
352 385
480 182
409 126
728 860
1 260
826 231
295 606
461 690
864 798
637 569
286 295
159 63
567 850
421 880
7 507
543 197
746 979
856 35
656 503
197 793
825 544
453 431
58 896
977 301
844 680
820 749
103 419
847 781
970 618
862 916
404 20
632 133
444 789
263 307
621 775
620 734
950 491
704 812
132 638
617 96
228 186
988 713
901 718
243 258
911 357
751 90
848 459
132 412
775 442
1000 22
567 513
392 323
630 976
532 221
496 695
927 668
38 189
497 413
82 817
48 993
414 752
678 877
39 733
702 103
282 626
100 989
161 695
592 381
152 814
584 785
677 316
201 755
147 757
278 345
399 965
942 688
49 519
670 739
692 863
198 224
110 8
293 180
944 820
227 688
427 186
641 884
762 150
102 415
819 453
588 627
2 185
537 711
727 889
909 204
838 178
491 805
534 219
814 59
248 591
918 213
10 510
282 379
809 333
272 445
241 820
496 859
135 42
230 236
567 39
290 177
755 831
668 926
998 225
45 899
620 691
392 161
718 32
974 78
65 736
466 929
985 951
826 193
43 169
171 508
190 424
730 869
323 201
660 72
272 889
845 116
599 172
131 643
869 126
769 336
494 141
794 773
835 179
580 981
713 851
369 101
207 845
905 1
246 749
13 516
14 231
489 924
40 638
60 609
892 363
928 221
347 667
812 967
84 478
545 836
416 784
644 152
627 960
131 359
450 794
568 560
340 183
804 582
456 940
257 653
89 880
478 221
335 380
788 716
529 473
734 402
187 701
667 119
193 460
490 262
342 841
854 800
814 373
706 514
456 281
991 551
426 945
64 462
892 936
873 316
59 197
16 240
328 162
20 728
242 536
633 153
486 869
338 7
799 150
447 316
141 697
515 500
665 7
663 532
45 285
698 185
664 841
157 417
46 633
363 995
396 856
825 826
916 103
384 944
95 568
298 858
941 756
122 646
376 618
802 90
324 650
938 851
906 236
48 764
953 79
609 957
869 483
228 509
656 778
100 981
860 746
610 757
375 495
916 667
866 474
160 132
522 830
230 861
946 610
179 433
786 251
125 693
697 300
320 361
431 15
252 568
795 176
147 700
117 108
425 930
777 341
908 569
730 479
948 266
930 813
311 602
832 355
279 56
69 388
514 563
457 482
369 734
476 502
376 270
283 298
72 519
594 628
853 757
356 947
766 654
434 869
1 398
150 745
844 984
616 775
379 927
624 306
687 483
140 934
665 193
488 900
819 584
969 339
571 251
900 783
564 632
115 354
724 971
928 780
2 677
426 489
910 831
395 350
894 494
194 972
967 715
859 962
56 917
972 675
539 960
993 664
137 367
569 345
646 55
557 392
619 799
851 663
1 543
165 453
910 712
772 745
927 624
816 669
487 39
108 703
751 807
682 250
483 37
394 734
53 379
181 694
647 953
946 518
360 967
652 282
950 874
442 857
957 134
374 666
9 846
467 390
527 148
760 701
164 430
772 45
442 712
8 178
563 160
361 792
657 219
678 179
335 308
264 491
286 872
602 617
469 446
400 219
148 777
795 482
619 806
175 268
782 796
876 143
427 297
326 232
457 111
206 434
413 748
18 584
280 607
451 470
782 574
651 684
219 594
20 545
865 68
920 881
686 90
54 768
770 497
555 877
607 700
367 315
250 771
915 677
310 41
945 974
751 791
868 52
42 618
905 6
760 955
621 774
894 266
99 996
975 591
927 1000
219 399
777 750
811 835
833 655
941 572
263 464
876 385
73 838
685 567
449 311
565 993
470 111
795 612
337 730
717 887
441 708
649 495
890 413
698 906
726 15
985 391
181 678
661 656
26 717
83 965
619 710
726 126
848 173
773 967
830 136
890 383
339 751
193 819
330 982
612 847
294 837
631 932
523 881
238 678
494 780
976 343
429 819
252 838
71 258
844 514
314 533
847 365
478 256
483 863
505 422
135 62
589 998
515 991
336 852
232 773
429 213
267 262
433 18
235 138
736 405
519 524
331 703
940 743
961 516
713 146
303 573
948 774
897 828
573 431
371 235
318 806
634 687
853 911
656 69
879 643
550 929
516 721
3 574
63 630
48 149
447 279
619 334
749 25
77 278
323 938
620 684
470 975
73 695
972 517
383 854
498 444
741 320
86 348
483 592
779 111
376 992
270 598
402 694
202 868
815 958
832 175
194 820
621 635
33 498
54 296
557 447
545 287
215 863
418 447
521 278
375 149
125 590
80 613
590 424
739 942
482 349
686 895
411 859
417 193
104 358
213 76
30 626
878 342
860 805
700 946
94 321
413 255
646 424
85 2
268 550
574 222
703 679
127 360
862 213
455 289
616 511
9 535
469 568
783 487
606 222
255 436
575 577
101 798
283 321
900 386
473 627
40 74
524 676
687 232
636 704
571 387
704 96
153 798
837 204
586 76
625 546
482 709
525 479
513 447
841 26
714 488
932 423
71 661
720 869
166 875
116 2
478 681
248 122
572 781
442 38
23 583
564 909
671 107
414 448
258 628
958 669
922 415
395 309
171 450
3 824
635 737
138 578
60 896
646 953
224 688
315 619
172 816
302 899
266 445
488 101
946 942
11 451
241 236
973 179
422 443
273 630
243 618
618 546
358 873
990 590
459 130
293 635
65 783
962 55
469 101
968 668
904 228
62 204
464 683
401 158
739 168
972 845
939 410
526 206
748 810
483 325
679 468
313 683
544 57
985 153
737 584
990 906
57 686
575 532
446 984
987 896
424 246
614 737
46 141
874 626
692 903
182 605
174 49
88 306
70 134
970 944
461 571
61 449
762 318
432 271
236 553
718 605
710 72
850 301
882 94
279 387
103 219
404 796
666 171
426 692
153 20
889 802
873 357
103 296
162 346
91 288
721 681
81 778
779 457
29 746
619 278
196 109
162 461
769 211
898 505
955 264
958 697
615 290
836 29
558 560
628 159
168 853
973 117
738 986
977 114
315 631
581 624
631 307
33 442
843 585
868 199
560 437
871 747
765 356
274 858
803 539
532 59
237 203
817 683
88 517
677 595
234 783
858 823
722 744
602 50
676 100
74 587
991 132
494 420
756 831
598 46
433 728
307 195
744 782
772 415
630 511
800 64
527 151
507 920
203 387
653 797
691 406
61 834
507 521
236 73
572 403
353 649
101 965
949 302
155 213
247 587
783 479
182 654
331 436
282 208
871 310
709 663
433 356
714 255
737 822
727 855
348 900
884 973
893 572
927 16
93 948
296 714
922 130
82 167
120 14
541 940
926 586
362 951
217 167
132 971
6 932
979 956
563 573
513 272
520 260
457 938
441 301
45 211
195 250
764 540
581 818
324 301
58 145
280 139
305 383
565 718
397 844
859 33
39 155
907 375
121 992
640 42
345 468
164 952
570 167
919 824
707 2
446 122
964 499
927 521
694 780
843 706
683 29
632 678
262 664
302 661
506 304
125 538
368 778
882 951
209 551
708 527
217 44
109 6
130 909
866 387
78 185
877 1
308 268
716 129
293 80
496 36
334 772
384 4
317 74
999 562
47 161
127 375
113 301
83 757
31 637
753 797
348 535
918 286
97 130
634 91
411 472
585 949
88 379
537 570
922 964
689 983
562 95
974 912
595 477
633 18
580 527
338 142
126 241
845 605
462 215
563 744
562 375
487 640
839 687
474 737
355 463
974 178
331 924
885 285
244 395
872 980
393 605
488 989
196 22
849 452
759 857
25 138
832 566
392 643
240 792
195 214
459 492
507 664
690 575
270 599
162 100
310 852
521 571
69 288
65 663
500 578
599 982
871 589
712 170
896 49
971 599
38 610
129 902
800 605
871 674
86 894
694 889
532 12
96 718
351 270
726 334
968 530
473 404
546 594
299 368
686 892
13 514
401 288
251 805
898 916
423 915
948 18
83 947
13 996
601 383
416 786
308 736
181 542
19 367
905 811
313 654
213 513
597 166
100 367
736 188
61 105
300 743
213 798
417 965
71 336
164 374
83 382
965 868
469 629
87 938
770 882
648 266
192 134
533 721
770 72
195 298
196 709
344 624
201 41
365 998
386 365
461 743
210 937
599 219
563 855
714 489
254 38
715 560
538 27
598 879
470 526
883 291
723 394
563 629
13 992
603 857
774 353
833 955
881 296
436 680
579 344
617 941
444 991
907 465
360 386
901 755
777 957
356 86
870 828
51 640
566 225
863 545
685 749
104 22
81 599
158 375
933 691
51 864
254 732
458 533
403 108
665 577
584 367
103 937
18 365
881 467
186 983
522 941
611 589
284 40
506 360
990 734
995 164
105 686
713 943
173 90
350 200
902 547
83 591
411 68
284 206
639 578
41 455
578 230
88 102
910 217
955 53
644 13
847 518
5 565
778 887
636 519
784 760
236 501
176 584
897 552
148 742
633 1000
529 229
892 863
913 838
697 863
239 532
735 755
918 433
975 128
344 588
606 868
716 830
558 11
14 889
970 659
935 999
298 300
228 633
428 107
107 684
201 295
774 434
427 805
943 693
840 202
676 848
914 911
370 297
480 745
906 989
286 123
182 865
391 676
826 135
223 597
6 5
337 978
877 728
612 929
170 242
814 31
480 934
544 555
686 730
599 15
655 777
983 428
803 538
888 720
426 43
742 541
566 495
227 221
526 905
907 953
126 941
873 836
493 639
94 399
350 789
740 389
8 86
874 915
105 650
861 695
899 902
94 286
655 461
963 502
236 59
645 295
631 962
152 836
744 766
325 891
493 565
170 616
562 342
9 558
122 417
675 909
776 264
904 733
462 335
754 749
6 744
978 697
631 657
64 409
290 427
249 915
103 24
250 444
658 999
552 126
550 729
221 77
480 73
120 928
118 767
799 330
71 719
956 994
404 834
560 552
724 779
637 566
28 770
840 264
571 168
20 658
996 651
449 856
345 799
570 352
163 138
789 194
388 749
171 759
600 567
984 918
825 662
953 457
435 990
422 516
44 14
745 175
471 457
897 146
517 729
393 915
416 476
896 86
772 937
403 198
186 314
205 238
977 93
343 983
823 570
574 740
904 496
579 78
302 811
854 340
99 662
590 338
268 86
216 471
609 852
830 428
635 212
7 751
808 650
148 652
260 25
213 39
105 870
397 352
291 741
532 429
570 728
740 264
27 175
909 261
929 591
36 695
649 396
249 220
567 932
566 823
701 20
191 854
922 317
573 90
794 781
493 109
49 742
816 717
18 539
974 614
157 856
185 641
910 651
580 520
858 886
676 59
235 285
921 309
907 975
580 415
585 103
568 787
733 167
898 156
742 447
210 228
138 281
267 119
750 922
551 671
936 614
357 899
8 869
262 174
357 228
125 8
966 582
509 937
368 771
241 523
828 547
189 811
376 994
33 263
90 848
841 696
328 837
20 123
724 739
104 940
641 241
972 741
25 596
177 945
312 168
458 933
42 497
948 435
235 815
869 460
962 190
854 368
251 941
587 535
481 928
78 578
39 626
869 349
601 919
570 922
683 137
133 248
562 986
651 631
798 650
674 972
416 932
860 807
807 872
485 693
388 458
869 575
283 180
185 407
326 362
133 410
905 369
412 327
127 362
899 879
576 992
614 872
596 483
721 915
717 970
344 284
107 246
714 850
142 283
421 352
723 992
960 510
210 757
132 64
501 18
147 105
640 768
218 820
611 823
369 640
481 78
11 637
14 576
741 861
486 936
896 692
714 391
383 304
330 396
119 974
500 124
871 95
591 108
296 643
475 167
205 370
671 85
286 141
533 148
538 826
137 611
353 424
819 783
55 321
632 192
595 820
281 444
86 697
698 55
115 411
461 187
922 622
637 34
320 672
11 453
323 311
531 762
497 984
981 678
428 746
413 346
354 434
464 286
356 260
163 584
125 705
401 259
610 611
352 863
276 709
302 573
428 776
414 719
844 384
717 910
423 519
692 252
51 236
141 994
332 48
965 549
88 103
735 79
916 875
23 451
748 202
865 482
870 637
562 258
729 275
767 463
494 949
980 132
378 722
141 278
719 281
466 401
429 27
550 525
277 167
614 336
358 18
345 913
3 491
46 957
859 648
454 439
589 543
20 878
199 105
131 591
215 663
68 18
270 754
287 816
496 377
96 331
52 556
6 216
375 539
272 678
238 273
976 906
573 808
480 601
409 595
391 679
413 107
121 92
419 550
259 797
115 375
722 309
320 797
